23063640276042254042266559060843311683425236622200124913620241757885845423710
5453518362668190006237776697263726389949878374426229270741491038432451111723
39696871288523791352897746734732059644786692309710516965123760408532905038230
12550084620160256140833279955796970316784384107051195586161215948755693547876
73315908922000326686929428237986833299028651203782603632950928665709754333202
69653141359056339531205580263284204558093766078589852296561384196354870205443
10543959984055382030153148776152347637281567094048781224771840546064812294952
66931834672613331670873657428755079175671210294847575148453076347121927335572
48059125297730747717533539782854701334841663859608823696861119455173649710261
57596839942629760484957119370743923732215787291589459073024379908016123540906
3736123163590130269756191835327413970632636343872452490298352724451063129636
30159812868508602120387889045096717408022419429151019631561417741820812066837
66167366421152223697671025709389862772810319930064817209939659292772223304902
37928982911730682918610534325403188617450455427312564804860986835213720065246
15848216098255376235143118312474762937931565855184049078282287778232956895037
61830218422647197158100884403994201168342191550356226991225346307484569521837
42345101392364614441840900148280863737627648217457246485396224107244050267598
18859219614428260565061615582264494887792478141808890499825548862265684274572
79098660146061483196049473543153308455169186045355052222537937297386167376306
34989164265471499407693124997987798528169376038903910340066153288807549952817
32749643981426114282935135578903172054609768081820683617957274974199038018130
72959941595650674258044524417748072049379325426747854915443803966108057282605
67455102893815437857759347763247591698740192051564355282965595941156682634033
57165475769766546478093839727583722507197161772480899272448640877760698291637
29084024161253036685702233052388506262746240056552453220378892391373096443180
