76579791788328554470032104776431815867449781343829125831910116588211169784820
59200134270284142620174511221949166263873426784967191198950030068635090639335
31733993298077879585735372434085260201999540574142319398887479545553540081590
49076509150583853627589412355810553974722596127602100257177096606785280503522
61772356456481600737820295510988466802810058393522943025789372066149533014941
5199465389743790674706030241540101541280533151163857723287085004129823493052
38011264020869479513350390446693009886478295205867130274989852642672540307552
40575649576492439318798934963790027369787065386143758263563055673667913336753
34319186645908291844725659271296926749176068211460520054484842778660702901186
14201257403977229834052523227705469308101119397292577709086798710631630606338
31417349329783680303640989813823594250294723729478654092852316366665464465153
22026218471703762225198373999061168332658013829128516173520447563105135380246
62049361344516559395250517099466650754410094506089941153808770097775887414458
36032331841645515834019153740679853310256898603193834427554482073746263809661
2690620806905028337317139554327411798271915274946872921508932915436302181660
30928937464899245206303073798575160399097156972347608678123846439105277932344
4453699512740672994347951932912758445736069637522455180060274245393290577691
48352340757719453749470186496291611805793572162056900776317003828344964759473
15035250064279039093137214497432777796178619341576715393439769829434151522855
59783718930915707508200191862208163789767352694231001939498779818422784139746
42417974161325131384369350883028264107572681598424025192170228393431439633725
54186668896183140548705944496842344439861357457822206798970639879018060933342
18802319676942212876325854280382024643450351940619625377656084934632560130246
57816159429730853392250774561870246547921358043050864747456109428970720352957
40474367527171593128241920179543055048396211967298132714732319485350224341369
