76579791788328554470032104776431815867449781343829125831910116588211169784820
15427285671321778271246183092528337271818297288136875192339159267486821274894
31921966309518235508131469704106637036254097406586827632558292501256934813896
55047427994278059715021061138458457498553395462242545069364826120492930732206
69143677915213271586661844835498521012212797009364468683717748680554386536021
14532879161164271197759008874544153372914716994294318552975883039673363825236
14261226906971396663960254118661550407257428142804264675935899217107260412313
26028006786157346869689612763439125421718637689006481318636575426102166547012
64576782699378156369120514355996772733476875670442878626000565552015533802736
58955453545272394446801728989516471189822103503398641835465576870174729019605
22430574304318802949377457957449830032387095704480744223791776331819702724423
64013659727405377329508963951678275288166001506827274901336631912354826082119
19324637766893873365257967484211927297578384087002562507743489422544681973591
10544376386465955893599987957372389501345155044746447049149538620218795753495
530376203662384739416193684760934480818375053254207165240067446656475325940
6484416599195573157850039903714806102098208577279212301071113782707889574821
71408597207204694038815702419614117874068614293932827792744600592089683588860
1031170245970202330902323766797321461575355456290125664656079998635332554810
60253978817170716147315080772295649686654596390519584936110634528912331173990
34665302751792224171471962885835152065612417648695380301336196272292867227141
31805103279142999840464670059540366696006323687773690854820989081478797833751
71585795393982558726290955220812025195178846440750673343502577239773015840934
71374920464330795756488763875614520258767244071490696058480627807625192068332
21675577081623989770792152060922999094242628235538655252297715159291821688872
19967753199619748140099572816700405000675676656476819485936739623291890050825
