23029536948990706829337393093589002193083050395871888451358327543227096146518
26678194442718913658456878711953146324738361918703389116444550328617335754632
72108367243066004656248299036755900835973007960439526711609365123066133953757
11284388476009754275995953735127232237270908940798069458056081883421578673136
12408601807564398595409509919711273086179431488060279219548461555056156188121
67602344080990384726997331732233522369665547446372437051829874669346051012144
49740712593678235879391524423276966535382366426605917556298025723141000314873
14806334808327876744894162951104691540002298794072232903196827599994510312197
30517976525891119066094140150219555836550234689076410712853095081450171929769
16029096757837081676345013551829498361770640245304572428962831816912215664426
79066229167576544266701679388940665897363429098006795534916086292971707555467
69839096054201040554962748493667175833836566675288154569013248654146385731
22227281194141942766470077805467604478015595188592627493315656611789584423954
73009450591429454372389740757487425882250772022991456599502750555736496236222
33388715773076675099792238821886555248863288067140296923385536126343226366525
24907588230492908674868699628015316670283178723115120065963928615586604138232
28353937123440875246219124042238614270826481551869328657143414797307111093317
38491705594482799477039609446003568785234870676286559330073777402439142479239
19261129386541604077209985931747167690241387642180226402777097128363927745386
72067485175235997926272672180506276890692897663728537607543930156530009707074
31442837681902793176352917619653095894226799800568875711930220603618455004009
13175670865521909642134932742800132440802617169632685884639403859448503046548
1585730212520171878030483621938338271762068770833974785642107472388064062434
18188393620778071033572644880485691603030802998547728185057413473452180629166
77572043593473939211435085164076754194331589460472383323125995386198541880782
