22217850902739459716542946341105210794654342320510698038931174353989627456435
63366932512936890090058706786436036572397698567622360061438297770451315512691
23979365964440663035836314637573390306988818585794941820340730506511433803733
36151650413694192988326675187581384672134192836533260302720988821292309255822
42463599298680925877570767565791309586904512461413428065963975361744870673615
42562808180816940001583005146610191855773121382675015867410172471226348867143
5978631860457844819829419991701325301522333093790148794394073884275916268547
66558848707827366535694873360076198854049546883327412753602998155212603605062
13586591987799827210646052695101540233373248022745362905483063011784936135904
18131700726283088587399024672700874076340046549726696243456262700686425446550
410208352213453794818479998582309682757166343091881488117816980512971437477
69118870579405350266105507993586184280498213785000138877317317454270511205831
76410992794473816166833843998405648112600816911629389017072718874466652586794
18789563138834589208494336717785769536384093807383675260515710870084647069528
20576357874828726919816866947659657985800037517957695517040661103335676653412
41025121506556849844530240493597953570150225467241641817125739261308229738843
13390018006881469462053201190620791572384527713760939980175429703330086109450
34269671825708485988371578887814057880324497942211465200148882029329036527997
19206460468862568491028896326058166886406604200530554261574123033737752569301
50082057058858830611452364599307700937255883251538555577667774230745367762665
33253156387867292180453447603787469296014875101368653550197001656415127618223
24398599953211545065924955533477857788401330398360041908473002832682273940116
44181452246548732260636457258225807189372274406246010972648577922168716478919
63784834185777449304095066243940592408886378119938430961778126862840667752441
62654324376594941044679765146899777883691805916375339982397855272449127264967
